1648022167.158971600 0.00306569 -0.00459923 0 0 0 0.000981228 1
1648022167.183910600 8.56239e-05 -0.00553335 0 0 0 0.00118991 0.999999
1648022167.208979100 -0.00270537 -0.00594029 0 0 0 0.00130564 0.999999
1648022167.234055400 -0.00308638 -0.00550597 0 0 0 0.00129885 0.999999
1648022167.259066500 -0.00226924 -0.00493976 0 0 0 0.00113639 0.999999
1648022167.284272700 -0.00101553 -0.00476354 0 0 0 0.00102604 0.999999
1648022167.309189300 -0.000638489 -0.00459788 0 0 0 0.0010012 0.999999
1648022167.334260300 -0.000218958 -0.00471004 0 0 0 0.000974819 1
1648022167.359266000 -4.36265e-05 -0.0044558 0 0 0 0.000976974 1
1648022167.384340900 0.000417275 -0.00437918 0 0 0 0.00103391 0.999999
1648022167.409390200 0.000601398 -0.00482297 0 0 0 0.00106156 0.999999
1648022167.434461500 0.000671715 -0.00479458 0 0 0 0.00109442 0.999999
1648022167.459503100 0.000906596 -0.00472336 0 0 0 0.00108972 0.999999
1648022167.484647700 0.000524582 -0.00437011 0 0 0 0.00108961 0.999999
1648022167.509633000 0.000311994 -0.00432438 0 0 0 0.00105196 0.999999
1648022167.534617500 0.000869941 -0.00413598 0 0 0 0.0010567 0.999999
1648022167.559726600 0.00133623 -0.00393773 0 0 0 0.00108536 0.999999
1648022167.584741300 0.0013572 -0.00433728 0 0 0 0.00114182 0.999999
1648022167.609794300 0.00147494 -0.00483478 0 0 0 0.00114132 0.999999
1648022167.635006200 0.00170006 -0.00485063 0 0 0 0.00109308 0.999999
1648022167.659937800 0.00131189 -0.00423184 0 0 0 0.00105613 0.999999
1648022167.687892900 0.00077198 -0.00394497 0 0 0 0.000998686 1
1648022167.709995600 0.000767126 -0.00377983 0 0 0 0.00097126 1
1648022167.735030500 0.00139162 -0.00348545 0 0 0 0.000973395 1
1648022167.760185900 0.00121225 -0.00383222 0 0 0 0.000977532 1
1648022167.785254900 0.000435242 -0.00385184 0 0 0 0.000957819 1
1648022167.810228100 0.000479963 -0.00444957 0 0 0 0.00101773 0.999999
1648022167.835280300 0.00152571 -0.00383078 0 0 0 0.00113842 0.999999
1648022167.861284900 0.00211892 -0.00368085 0 0 0 0.00128589 0.999999
1648022167.885454200 0.00130686 -0.00376239 0 0 0 0.00112721 0.999999
1648022171.618191500 0.0520644 -0.0078547 0 0 0 0.00540232 0.999985
1648022172.144366000 0.103712 -0.00937059 0 0 0 0.00584765 0.999983
1648022172.672855200 0.158456 0.00201383 0 0 0 0.000852911 1
1648022172.895873200 0.211416 -0.0015314 0 0 0 0.00159004 0.999999
1648022173.096374900 0.262678 -0.00625628 0 0 0 0.00234867 0.999997
1648022173.371831600 0.317447 -0.00448094 0 0 0 0.00206401 0.999998
1648022173.647395300 0.368155 -0.00401048 0 0 0 0.00266568 0.999996
1648022173.898027300 0.422507 -0.00877177 0 0 0 0.0124057 0.999923
1648022174.173524500 0.472669 -0.00903612 0 0 0 0.0217449 0.999764
1648022174.449036500 0.524904 -0.00497357 0 0 0 0.02913 0.999576
1648022174.724594300 0.579393 -0.00630334 0 0 0 0.0363475 0.999339
1648022174.949966200 0.631568 -0.00579072 0 0 0 0.0431581 0.999068
1648022175.225572800 0.685593 -0.00196487 0 0 0 0.0510694 0.998695
1648022175.501836200 0.737701 -0.00295692 0 0 0 0.0590696 0.998254
1648022175.751559900 0.788428 0.00460706 0 0 0 0.0666605 0.997776
1648022176.027112800 0.84166 0.00821984 0 0 0 0.0750702 0.997178
1648022176.277610200 0.894393 0.00925967 0 0 0 0.0823199 0.996606
1648022176.528136100 0.949588 0.0146515 0 0 0 0.0896705 0.995971
1648022176.828735500 1.00278 0.0262471 0 0 0 0.0977546 0.995211
1648022177.104308800 1.05422 0.034772 0 0 0 0.105251 0.994446
1648022177.329838900 1.10426 0.039347 0 0 0 0.112765 0.993622
1648022177.605452700 1.15773 0.049517 0 0 0 0.121016 0.992651
1648022177.830830000 1.20703 0.0618984 0 0 0 0.127253 0.99187
1648022178.131395300 1.2587 0.0751851 0 0 0 0.131923 0.99126
1648022178.356858600 1.31123 0.0873525 0 0 0 0.131114 0.991367
1648022178.632262400 1.36161 0.0990974 0 0 0 0.130333 0.99147
1648022178.932735800 1.41424 0.114549 0 0 0 0.131072 0.991373
1648022179.233296800 1.46203 0.129241 0 0 0 0.131502 0.991316
1648022179.384065300 1.51374 0.135729 0 0 0 0.132846 0.991137
1648022179.734274100 1.56519 0.150849 0 0 0 0.132709 0.991155
1648022179.934640500 1.61517 0.163553 0 0 0 0.133064 0.991107
1648022180.260252000 1.66762 0.179983 0 0 0 0.133035 0.991111
1648022180.485714400 1.71941 0.191534 0 0 0 0.134124 0.990964
1648022180.761289700 1.77578 0.208991 0 0 0 0.134742 0.990881
1648022181.061871300 1.82554 0.221453 0 0 0 0.134659 0.990892
1648022181.362489500 1.8746 0.237661 0 0 0 0.13451 0.990912
1648022181.563068800 1.92504 0.24579 0 0 0 0.135073 0.990836
1648022181.838572900 1.9741 0.260005 0 0 0 0.134941 0.990854
1648022182.089153800 2.03031 0.273936 0 0 0 0.135948 0.990716
1648022182.414861500 2.07976 0.29044 0 0 0 0.136892 0.990586
1648022182.615356400 2.13116 0.299168 0 0 0 0.137293 0.990531
1648022182.890934300 2.18395 0.31383 0 0 0 0.137415 0.990514
1648022183.166644400 2.23382 0.32737 0 0 0 0.137917 0.990444
1648022183.492416900 2.285 0.34543 0 0 0 0.138528 0.990358
1648022183.692977400 2.3359 0.357228 0 0 0 0.139278 0.990253
1648022183.968605900 2.38358 0.372626 0 0 0 0.13989 0.990167
1648022184.244190800 2.43506 0.386222 0 0 0 0.140306 0.990108
1648022184.544883500 2.48522 0.402914 0 0 0 0.140356 0.990101
1648022184.770312000 2.5357 0.413872 0 0 0 0.140398 0.990095
1648022185.070996100 2.58904 0.429275 0 0 0 0.141148 0.989989
1648022185.296400600 2.63958 0.443455 0 0 0 0.141837 0.98989
1648022185.546978500 2.6895 0.460159 0 0 0 0.142177 0.989841
1648022185.822500900 2.73841 0.474384 0 0 0 0.142707 0.989765
1648022186.073054600 2.79166 0.486965 0 0 0 0.142575 0.989784
1648022186.373637800 2.84331 0.503836 0 0 0 0.142704 0.989765
1648022186.674275500 2.89571 0.520589 0 0 0 0.143779 0.98961
1648022186.899701800 2.94806 0.533668 0 0 0 0.144279 0.989537
1648022187.202591900 3.00021 0.551688 0 0 0 0.144514 0.989503
1648022187.450885600 3.05154 0.561977 0 0 0 0.144733 0.989471
1648022187.726495400 3.10226 0.578001 0 0 0 0.14509 0.989418
1648022188.052111300 3.15446 0.594977 0 0 0 0.145162 0.989408
1648022188.252519700 3.20659 0.609936 0 0 0 0.144771 0.989465
1648022188.528119200 3.25894 0.628732 0 0 0 0.137447 0.990509
1648022188.829059000 3.31051 0.642833 0 0 0 0.127997 0.991775
1648022189.054183900 3.36109 0.653438 0 0 0 0.121612 0.992578
1648022189.304734900 3.40961 0.669023 0 0 0 0.114392 0.993436
1648022189.580387400 3.46285 0.679809 0 0 0 0.10699 0.99426
1648022189.831586100 3.5114 0.694244 0 0 0 0.100535 0.994934
1648022190.106762700 3.56362 0.705792 0 0 0 0.0935984 0.99561
1648022190.382248400 3.61725 0.719512 0 0 0 0.0878439 0.996134
1648022190.657874300 3.67196 0.727375 0 0 0 0.0872967 0.996182
1648022190.908423400 3.72632 0.736615 0 0 0 0.088945 0.996037
1648022191.209077800 3.78047 0.744357 0 0 0 0.0897443 0.995965
1648022191.509768600 3.83535 0.755126 0 0 0 0.091167 0.995836
1648022191.785322100 3.88687 0.763415 0 0 0 0.0916147 0.995795
1648022192.035776000 3.9415 0.770659 0 0 0 0.0919724 0.995762
1648022192.311324300 3.995 0.779544 0 0 0 0.092166 0.995744
1648022192.536782900 4.04755 0.785376 0 0 0 0.0932411 0.995644
1648022192.812369600 4.0962 0.798105 0 0 0 0.0928972 0.995676
1648022193.037842700 4.14977 0.803429 0 0 0 0.0941926 0.995554
1648022193.338380100 4.20372 0.816406 0 0 0 0.0942719 0.995546
1648022193.613895900 4.25624 0.828208 0 0 0 0.0941152 0.995561
1648022193.864434600 4.31194 0.835376 0 0 0 0.0943183 0.995542
1648022194.165038300 4.36354 0.845966 0 0 0 0.0947189 0.995504
1648022194.440578600 4.41786 0.853406 0 0 0 0.0951019 0.995468
1648022194.666045700 4.46925 0.863318 0 0 0 0.0962946 0.995353
1648022194.966717100 4.5236 0.872345 0 0 0 0.0967088 0.995313
1648022195.242236200 4.57674 0.88027 0 0 0 0.0967898 0.995305
1648022195.467762700 4.63132 0.890267 0 0 0 0.0971149 0.995273
1648022195.718237300 4.68022 0.903638 0 0 0 0.097246 0.99526
1648022196.018864300 4.73165 0.912098 0 0 0 0.0981092 0.995176
1648022196.269461300 4.78108 0.920929 0 0 0 0.098693 0.995118
1648022196.520052500 4.83281 0.929881 0 0 0 0.0995414 0.995033
1648022196.795629100 4.88324 0.938697 0 0 0 0.102585 0.994724
1648022197.021142500 4.93528 0.946622 0 0 0 0.108636 0.994082
1648022197.296816200 4.98742 0.955736 0 0 0 0.117345 0.993091
1648022197.597468500 5.0391 0.967363 0 0 0 0.12688 0.991918
1648022197.847959900 5.08918 0.97704 0 0 0 0.135468 0.990782
1648022198.098542700 5.13767 0.990968 0 0 0 0.142431 0.989805
1648022198.349015500 5.18895 1.00044 0 0 0 0.150122 0.988668
1648022198.624693200 5.23892 1.01613 0 0 0 0.157283 0.987554
1648022198.875129100 5.28723 1.02965 0 0 0 0.16383 0.986489
1648022199.150723200 5.3361 1.04651 0 0 0 0.171359 0.985209
1648022199.405366900 5.38646 1.06334 0 0 0 0.174511 0.984655
1648022199.676721800 5.43587 1.08186 0 0 0 0.175744 0.984436
1648022199.927277400 5.48782 1.09745 0 0 0 0.175933 0.984402
1648022200.227777000 5.53523 1.11876 0 0 0 0.175026 0.984564
1648022200.453378800 5.58632 1.13309 0 0 0 0.174799 0.984604
1648022200.754533700 5.63316 1.15333 0 0 0 0.174413 0.984673
1648022200.979295500 5.6811 1.16815 0 0 0 0.175325 0.984511
1648022201.229794900 5.73341 1.18252 0 0 0 0.17597 0.984396
1648022201.530415600 5.78345 1.20656 0 0 0 0.175543 0.984472
1648022201.755992300 5.83192 1.22021 0 0 0 0.175809 0.984424
1648022202.006702200 5.87983 1.23829 0 0 0 0.175563 0.984468
1648022202.282170600 5.92771 1.25976 0 0 0 0.175461 0.984486
1648022202.457430600 5.98164 1.27195 0 0 0 0.175712 0.984442
1648022202.682980700 6.0292 1.29118 0 0 0 0.176181 0.984358
1648022202.858319900 6.08263 1.30915 0 0 0 0.176343 0.984329
1648022203.008757400 6.13104 1.32709 0 0 0 0.176091 0.984374
1648022203.234150300 6.1862 1.34486 0 0 0 0.176175 0.984359
1648022203.359366500 6.2361 1.36378 0 0 0 0.175527 0.984475
1648022203.534745100 6.2849 1.37849 0 0 0 0.177035 0.984205
1648022203.735126700 6.33424 1.39639 0 0 0 0.177533 0.984115
1648022203.860454300 6.38163 1.41511 0 0 0 0.177214 0.984172
1648022204.060803500 6.43088 1.42846 0 0 0 0.179055 0.983839
1648022204.311278500 6.47896 1.44686 0 0 0 0.179343 0.983787
1648022204.586714300 6.52549 1.46681 0 0 0 0.179764 0.98371
1648022204.837144800 6.57921 1.48413 0 0 0 0.181321 0.983424
1648022205.112704200 6.62816 1.5006 0 0 0 0.182648 0.983178
1648022205.363178000 6.67864 1.52072 0 0 0 0.182478 0.98321
1648022205.588664000 6.72709 1.53228 0 0 0 0.183278 0.983061
1648022205.839102000 6.7743 1.55359 0 0 0 0.17824 0.983987
1648022206.164750000 6.82037 1.57593 0 0 0 0.1697 0.985496
1648022206.340059000 6.86887 1.59172 0 0 0 0.164812 0.986325
1648022206.665614000 6.91786 1.61452 0 0 0 0.155948 0.987765
1648022206.841003900 6.96618 1.62673 0 0 0 0.151189 0.988505
1648022207.191710400 7.01871 1.64488 0 0 0 0.141458 0.989944
1648022207.417223800 7.0701 1.66037 0 0 0 0.135693 0.990751
1648022207.717903900 7.1222 1.67783 0 0 0 0.127531 0.991835
1648022207.918422600 7.17196 1.68866 0 0 0 0.123055 0.9924
1648022208.244240300 7.22292 1.70591 0 0 0 0.114733 0.993396
1648022208.494858000 7.27275 1.71693 0 0 0 0.108218 0.994127
1648022208.770665100 7.32125 1.72972 0 0 0 0.100985 0.994888
1648022208.996241600 7.37132 1.73755 0 0 0 0.100052 0.994982
1648022209.347219000 7.42371 1.74677 0 0 0 0.102683 0.994714
1648022209.522622900 7.47306 1.75869 0 0 0 0.103714 0.994607
1648022209.873552300 7.52691 1.76696 0 0 0 0.104231 0.994553
1648022210.023845600 7.57808 1.78099 0 0 0 0.104289 0.994547
1648022210.427230100 7.62982 1.78904 0 0 0 0.104576 0.994517
1648022210.625561300 7.68235 1.79711 0 0 0 0.10488 0.994485
1648022210.850832300 7.73388 1.80793 0 0 0 0.105339 0.994436
1648022211.101428300 7.78409 1.82322 0 0 0 0.105604 0.994408
1648022211.326977200 7.83496 1.83285 0 0 0 0.104615 0.994513
1648022211.527479500 7.89061 1.84076 0 0 0 0.104577 0.994517
1648022211.727941400 7.94583 1.85457 0 0 0 0.104202 0.994556
1648022211.905049800 7.99834 1.86009 0 0 0 0.105149 0.994456
1648022212.053781500 8.05293 1.87479 0 0 0 0.104856 0.994487
1648022212.254458300 8.10711 1.88136 0 0 0 0.106465 0.994316
1648022212.454750000 8.15746 1.89559 0 0 0 0.105757 0.994392
1648022212.630094600 8.21042 1.90731 0 0 0 0.106301 0.994334
1648022212.780533300 8.269 1.91946 0 0 0 0.106705 0.994291
1648022212.955850900 8.3211 1.93092 0 0 0 0.106705 0.994291
1648022213.181440400 8.37997 1.93973 0 0 0 0.107892 0.994163
1648022213.306710000 8.43407 1.95546 0 0 0 0.107347 0.994222
1648022213.607522700 8.48677 1.96608 0 0 0 0.10791 0.994161
1648022213.707689100 8.53904 1.9715 0 0 0 0.108723 0.994072
1648022213.832987200 8.58617 1.98904 0 0 0 0.108022 0.994148
1648022214.083684200 8.64397 1.99727 0 0 0 0.10872 0.994072
1648022214.208922600 8.69555 2.00612 0 0 0 0.109612 0.993974
1648022214.434492600 8.75085 2.01932 0 0 0 0.110479 0.993879
1648022214.585026400 8.80232 2.02832 0 0 0 0.11037 0.993891
1648022214.810522500 8.86261 2.04437 0 0 0 0.110572 0.993868
1648022214.961114000 8.91153 2.05631 0 0 0 0.110582 0.993867
1648022215.161583200 8.96619 2.06593 0 0 0 0.11153 0.993761
1648022215.337183200 9.01511 2.07879 0 0 0 0.112384 0.993665
1648022215.512526000 9.06524 2.09126 0 0 0 0.112419 0.993661
1648022215.713058400 9.11911 2.10108 0 0 0 0.112888 0.993608
1648022215.888544800 9.17429 2.11545 0 0 0 0.11215 0.993691
1648022216.038936300 9.22383 2.12195 0 0 0 0.113205 0.993572
1648022216.239484700 9.27319 2.13884 0 0 0 0.113187 0.993574
1648022216.390082500 9.32583 2.14768 0 0 0 0.113961 0.993485
1648022216.565321000 9.3778 2.15596 0 0 0 0.115074 0.993357
1648022216.740812900 9.42915 2.17068 0 0 0 0.114544 0.993418
1648022216.941281600 9.47998 2.18198 0 0 0 0.115018 0.993363
1648022217.141855100 9.53536 2.19386 0 0 0 0.115466 0.993311
1648022217.292303900 9.58904 2.21009 0 0 0 0.115917 0.993259
1648022217.517769700 9.64373 2.21432 0 0 0 0.117034 0.993128
1648022217.668185400 9.69269 2.23126 0 0 0 0.116624 0.993176
1648022217.843693600 9.74664 2.23852 0 0 0 0.117251 0.993102
1648022217.994139600 9.79923 2.24876 0 0 0 0.117443 0.99308
1648022218.219690500 9.85356 2.26214 0 0 0 0.117837 0.993033
1648022218.370036200 9.90583 2.27768 0 0 0 0.117946 0.99302
1648022218.545523900 9.95615 2.28447 0 0 0 0.119081 0.992885
1648022218.720954200 10.006 2.29931 0 0 0 0.119079 0.992885
1648022218.921425100 10.0562 2.31089 0 0 0 0.119019 0.992892
1648022219.071857900 10.1115 2.31976 0 0 0 0.120145 0.992756
1648022219.322481700 10.1631 2.33493 0 0 0 0.120111 0.99276
1648022219.479605000 10.2178 2.34671 0 0 0 0.120916 0.992663
1648022219.623228800 10.2677 2.35898 0 0 0 0.121001 0.992652
1648022219.823693800 10.3185 2.36674 0 0 0 0.121842 0.99255
1648022219.999213400 10.3749 2.3746 0 0 0 0.12276 0.992436
1648022220.124572000 10.4266 2.39675 0 0 0 0.12168 0.992569
1648022220.324971200 10.4767 2.40083 0 0 0 0.122939 0.992414
1648022220.525467300 10.5244 2.41973 0 0 0 0.123035 0.992402
1648022220.700960800 10.5776 2.4294 0 0 0 0.123818 0.992305
1648022220.901591000 10.6291 2.4425 0 0 0 0.123868 0.992299
1648022221.051825600 10.6857 2.45789 0 0 0 0.12375 0.992313
1648022221.227362100 10.7388 2.46857 0 0 0 0.124336 0.99224
1648022221.402830900 10.7935 2.48447 0 0 0 0.124016 0.99228
1648022221.603292100 10.8468 2.49616 0 0 0 0.125756 0.992061
1648022221.855773200 10.9005 2.50308 0 0 0 0.126447 0.991973
1648022222.029500200 10.9569 2.51989 0 0 0 0.126299 0.991992
1648022222.179874000 11.0149 2.53629 0 0 0 0.125655 0.992074
1648022222.330210500 11.0688 2.54628 0 0 0 0.122136 0.992513
1648022222.555907000 11.1198 2.55852 0 0 0 0.115786 0.993274
1648022222.731196800 11.1699 2.57236 0 0 0 0.110138 0.993916
1648022222.881659600 11.2197 2.58691 0 0 0 0.10546 0.994423
1648022223.082051200 11.2732 2.59932 0 0 0 0.099809 0.995007
1648022223.257499500 11.324 2.61096 0 0 0 0.0954246 0.995437
1648022223.407860900 11.3776 2.62115 0 0 0 0.0915217 0.995803
1648022223.583306700 11.4287 2.63206 0 0 0 0.0874835 0.996166
1648022223.783823300 11.4844 2.64209 0 0 0 0.0825169 0.99659
1648022223.934252700 11.5352 2.65363 0 0 0 0.0779855 0.996954
1648022224.109699100 11.5859 2.66207 0 0 0 0.0743334 0.997233
1648022224.285197500 11.642 2.66847 0 0 0 0.0728311 0.997344
1648022224.485771100 11.6916 2.67631 0 0 0 0.0745185 0.99722
1648022224.686356200 11.7477 2.68243 0 0 0 0.0763669 0.99708
1648022224.886957200 11.8056 2.68912 0 0 0 0.0774464 0.996997
1648022225.037514000 11.858 2.69941 0 0 0 0.0773285 0.997006
1648022225.263053900 11.9099 2.70623 0 0 0 0.0776952 0.996977
1648022225.438580300 11.9687 2.71691 0 0 0 0.0781616 0.996941
1648022225.568715500 12.0185 2.72312 0 0 0 0.0785602 0.996909
1648022225.789666500 12.0763 2.73101 0 0 0 0.0792349 0.996856
1648022225.965021800 12.1274 2.73692 0 0 0 0.079727 0.996817
1648022226.190669800 12.1827 2.74729 0 0 0 0.0794438 0.996839
1648022226.316080700 12.2333 2.75495 0 0 0 0.079806 0.99681
1648022226.416303500 12.2882 2.76171 0 0 0 0.0802234 0.996777
1648022226.592833700 12.3409 2.77233 0 0 0 0.0806432 0.996743
1648022226.817433000 12.3908 2.77938 0 0 0 0.0814029 0.996681
1648022226.967872200 12.4496 2.78878 0 0 0 0.0813424 0.996686
1648022227.219346700 12.5018 2.79476 0 0 0 0.0817079 0.996656
1648022227.444185900 12.5621 2.80029 0 0 0 0.0825219 0.996589
1648022227.544563000 12.6136 2.81433 0 0 0 0.0824233 0.996597
1648022227.669884400 12.6641 2.82234 0 0 0 0.0828332 0.996563
1648022228.020894100 12.7198 2.82622 0 0 0 0.0837493 0.996487
1648022228.146290200 12.7715 2.83808 0 0 0 0.0837243 0.996489
1648022228.271536800 12.8265 2.8475 0 0 0 0.0837321 0.996488
1648022228.597535700 12.8872 2.85479 0 0 0 0.085143 0.996369
1648022228.722925100 12.9428 2.8638 0 0 0 0.0856315 0.996327
1648022228.898366000 12.9977 2.87221 0 0 0 0.0861553 0.996282
1648022229.099072400 13.0495 2.8784 0 0 0 0.0863 0.996269
1648022229.274572100 13.0996 2.88575 0 0 0 0.0866869 0.996236
1648022229.500276800 13.1548 2.89547 0 0 0 0.0869908 0.996209
1648022229.650720600 13.2095 2.9053 0 0 0 0.0877376 0.996144
1648022229.801190600 13.2684 2.91256 0 0 0 0.0885587 0.996071
1648022229.951585600 13.3211 2.92399 0 0 0 0.0888216 0.996048
1648022230.177327400 13.3766 2.93039 0 0 0 0.0891081 0.996022
1648022230.352735600 13.4285 2.94102 0 0 0 0.0891766 0.996016
1648022230.528394500 13.4782 2.94828 0 0 0 0.0894557 0.995991
1648022230.703919000 13.5307 2.95899 0 0 0 0.089346 0.996001
1648022230.904533600 13.5809 2.96569 0 0 0 0.0901544 0.995928
1648022231.130263800 13.6301 2.97633 0 0 0 0.0902664 0.995918
1648022231.255605800 13.687 2.98503 0 0 0 0.0907835 0.995871
1648022231.355969500 13.7373 2.99305 0 0 0 0.0907008 0.995878
1648022231.531378700 13.7898 3.00334 0 0 0 0.090793 0.99587
1648022231.832381200 13.841 3.01184 0 0 0 0.0911144 0.99584
1648022232.007839100 13.8945 3.01952 0 0 0 0.0918732 0.995771
1648022232.133349500 13.9513 3.03006 0 0 0 0.0921845 0.995742
1648022232.283758600 14.0008 3.04021 0 0 0 0.0920886 0.995751
1648022232.484460700 14.0564 3.05109 0 0 0 0.091787 0.995779
1648022232.634908900 14.1067 3.05744 0 0 0 0.0927711 0.995687
1648022232.810490700 14.1582 3.0676 0 0 0 0.0929058 0.995675
1648022233.011035800 14.2131 3.07592 0 0 0 0.0940382 0.995569
1648022233.186703000 14.2702 3.08758 0 0 0 0.094031 0.995569
1648022233.312066200 14.3193 3.09932 0 0 0 0.0939959 0.995573
1648022233.562758200 14.3697 3.10588 0 0 0 0.0943798 0.995536
1648022233.713324600 14.4259 3.11192 0 0 0 0.0947761 0.995499
1648022233.838780900 14.4774 3.12267 0 0 0 0.0952694 0.995452
1648022234.114678700 14.5314 3.13268 0 0 0 0.0964538 0.995337
1648022234.290128000 14.5858 3.14736 0 0 0 0.0960756 0.995374
1648022234.415539600 14.6374 3.15556 0 0 0 0.0964052 0.995342
1648022234.641496700 14.6888 3.16185 0 0 0 0.0974966 0.995236
1648022234.841853700 14.7442 3.17719 0 0 0 0.0978633 0.9952
1648022235.017340900 14.7984 3.1827 0 0 0 0.0987699 0.99511
1648022235.192869200 14.8551 3.19497 0 0 0 0.0992154 0.995066
1648022235.393453600 14.907 3.20254 0 0 0 0.0997951 0.995008
1648022235.569050900 14.9639 3.21357 0 0 0 0.099995 0.994988
1648022235.769595900 15.015 3.22132 0 0 0 0.10019 0.994968
1648022235.970134800 15.074 3.23838 0 0 0 0.10007 0.99498
1648022236.170608700 15.1299 3.24664 0 0 0 0.100636 0.994923
1648022236.371178900 15.1809 3.25719 0 0 0 0.100941 0.994892
1648022236.521718800 15.2333 3.2631 0 0 0 0.100871 0.994899
1648022236.697137200 15.2828 3.27326 0 0 0 0.101188 0.994867
1648022236.872762600 15.3334 3.28656 0 0 0 0.101039 0.994882
1648022237.048135700 15.3834 3.29401 0 0 0 0.102295 0.994754
1648022237.223722300 15.4387 3.30579 0 0 0 0.10262 0.994721
1648022237.424292800 15.4904 3.31365 0 0 0 0.102966 0.994685
1648022237.574588000 15.5487 3.32178 0 0 0 0.103593 0.99462
1648022237.800330600 15.6016 3.33667 0 0 0 0.103272 0.994653
1648022237.950663000 15.653 3.34373 0 0 0 0.104495 0.994525
1648022238.151345200 15.7049 3.35689 0 0 0 0.104781 0.994495
1648022238.333427800 15.7593 3.36527 0 0 0 0.105941 0.994372
1648022238.502911000 15.8139 3.373 0 0 0 0.106618 0.9943
1648022238.677808400 15.8649 3.38427 0 0 0 0.106344 0.994329
1648022238.853353700 15.9145 3.39437 0 0 0 0.106762 0.994285
1648022239.028812400 15.9651 3.40369 0 0 0 0.107077 0.994251
1648022239.229652600 16.02 3.41669 0 0 0 0.108671 0.994078
1648022239.404979200 16.0749 3.42154 0 0 0 0.11543 0.993316
1648022239.605598600 16.1292 3.43802 0 0 0 0.120224 0.992747
1648022239.756173100 16.181 3.43907 0 0 0 0.125627 0.992078
1648022239.931719100 16.2294 3.45202 0 0 0 0.130182 0.99149
1648022240.132462600 16.2865 3.4627 0 0 0 0.141012 0.990008
1648022240.311456200 16.3387 3.47346 0 0 0 0.151845 0.988404
1648022240.483632800 16.3901 3.48648 0 0 0 0.162289 0.986743
1648022240.634120600 16.4421 3.49343 0 0 0 0.17381 0.984779
1648022240.834730700 16.4934 3.51717 0 0 0 0.190489 0.981689
1648022240.985516800 16.5462 3.52257 0 0 0 0.209901 0.977723
1648022241.135893800 16.59 3.53897 0 0 0 0.227172 0.973855
1648022241.286459100 16.6254 3.56028 0 0 0 0.244623 0.969618
1648022241.437081200 16.6767 3.57371 0 0 0 0.264603 0.964357
1648022241.562476900 16.7011 3.59172 0 0 0 0.283411 0.958998
1648022241.687975600 16.7371 3.60842 0 0 0 0.303947 0.952689
1648022241.788319200 16.7757 3.61834 0 0 0 0.3209 0.947113
1648022241.893564100 16.7969 3.63447 0 0 0 0.337952 0.941163
1648022241.992519900 16.8254 3.65056 0 0 0 0.355497 0.934677
1648022242.089279400 16.8539 3.66537 0 0 0 0.373294 0.927713
1648022242.189640300 16.8762 3.68108 0 0 0 0.391983 0.919973
1648022242.290002000 16.8984 3.7018 0 0 0 0.410166 0.912011
1648022242.390336300 16.9214 3.72272 0 0 0 0.428351 0.903613
1648022242.490663300 16.9506 3.73932 0 0 0 0.446843 0.894612
1648022242.591032900 16.973 3.76127 0 0 0 0.464708 0.885464
1648022242.691330700 16.9952 3.78216 0 0 0 0.482021 0.87616
1648022242.791625400 17.0171 3.80174 0 0 0 0.499453 0.866341
1648022242.891916800 17.0269 3.82087 0 0 0 0.516454 0.856315
1648022242.992181800 17.0433 3.82956 0 0 0 0.531575 0.847011
1648022243.092480700 17.057 3.84668 0 0 0 0.547271 0.836956
1648022243.192903100 17.0646 3.85828 0 0 0 0.566116 0.824326
1648022243.293677900 17.0832 3.86282 0 0 0 0.584017 0.811741
1648022243.418499200 17.0901 3.86719 0 0 0 0.600004 0.799997
1648022243.518763300 17.0928 3.8816 0 0 0 0.615885 0.787836
1648022243.619385700 17.0935 3.89004 0 0 0 0.630699 0.776027
1648022243.722012100 17.1127 3.89545 0 0 0 0.64582 0.76349
1648022243.819462600 17.1161 3.90687 0 0 0 0.65986 0.751388
1648022243.919612100 17.116 3.91562 0 0 0 0.673993 0.738738
1648022244.020334200 17.1267 3.92716 0 0 0 0.688495 0.725241
1648022244.120715900 17.1329 3.93513 0 0 0 0.702314 0.711867
1648022244.220998600 17.1406 3.94589 0 0 0 0.716265 0.697828
1648022244.321369800 17.143 3.95783 0 0 0 0.729225 0.684274
1648022244.421498400 17.1444 3.97041 0 0 0 0.741581 0.670863
1648022244.547020100 17.1503 3.98185 0 0 0 0.756003 0.654569
1648022244.672346800 17.1515 3.99834 0 0 0 0.769191 0.63902
1648022244.797794200 17.1564 4.01553 0 0 0 0.782001 0.623277
1648022244.948167800 17.1551 4.0348 0 0 0 0.794552 0.607196
1648022245.098518200 17.1549 4.04862 0 0 0 0.806894 0.590696
1648022245.223868100 17.156 4.06363 0 0 0 0.817217 0.57633
1648022245.349295600 17.1556 4.07802 0 0 0 0.827104 0.562049
1648022245.474697200 17.1569 4.09295 0 0 0 0.836747 0.54759
1648022245.599903300 17.1556 4.104 0 0 0 0.846362 0.532608
1648022245.725245400 17.1536 4.11832 0 0 0 0.855573 0.517682
1648022245.875675600 17.1551 4.1386 0 0 0 0.865976 0.500086
1648022246.051087900 17.149 4.15595 0 0 0 0.875345 0.483499
1648022246.226622000 17.1485 4.17817 0 0 0 0.884077 0.467341
1648022246.477155100 17.1303 4.19518 0 0 0 0.892699 0.450653
1648022246.702741900 17.1252 4.2192 0 0 0 0.901116 0.433578
1648022246.953420500 17.121 4.24715 0 0 0 0.908916 0.416979
1648022247.279107300 17.0989 4.26998 0 0 0 0.916044 0.401077
1648022247.605071800 17.0766 4.29593 0 0 0 0.92326 0.384177
1648022248.106011000 17.0401 4.33011 0 0 0 0.925631 0.378427
1648022248.632047700 17.0106 4.37053 0 0 0 0.926476 0.376354
1648022252.015475300 16.9847 4.382 0 0 0 0.919769 0.392461
1648022252.667125300 16.9817 4.37872 0 0 0 0.912573 0.408913
1648022253.318903700 16.9827 4.3794 0 0 0 0.904828 0.425777
1648022253.619705200 16.9708 4.37197 0 0 0 0.89723 0.441564
1648022253.945486400 16.9694 4.37003 0 0 0 0.889284 0.457355
1648022254.296320300 16.9707 4.36992 0 0 0 0.880765 0.473553
1648022254.622293100 16.9652 4.36606 0 0 0 0.87204 0.489434
1648022254.922930900 16.9595 4.36115 0 0 0 0.863407 0.504509
1648022255.123341400 16.9525 4.36908 0 0 0 0.85377 0.520651
1648022255.499320300 16.9338 4.40296 0 0 0 0.843693 0.536826
1648022255.825232300 16.909 4.43037 0 0 0 0.834043 0.5517
1648022256.151197500 16.889 4.45767 0 0 0 0.824231 0.566254
1648022256.501864800 16.8777 4.4838 0 0 0 0.813688 0.581302
1648022256.827665900 16.8651 4.51952 0 0 0 0.803155 0.59577
1648022257.153464400 16.8511 4.54656 0 0 0 0.792392 0.610012
1648022257.529371500 16.8351 4.58165 0 0 0 0.781344 0.624101
1648022258.030777400 16.823 4.63038 0 0 0 0.772864 0.634571
1648022258.532150100 16.8201 4.68275 0 0 0 0.779149 0.626838
1648022259.061225000 16.811 4.73027 0 0 0 0.790156 0.612906
1648022259.585136800 16.8 4.78096 0 0 0 0.799844 0.600208
1648022260.086365700 16.7913 4.83028 0 0 0 0.808263 0.588821
1648022260.587545100 16.7777 4.87914 0 0 0 0.814968 0.579506
1648022261.088804500 16.762 4.92732 0 0 0 0.814165 0.580633
1648022261.564649200 16.7432 4.97541 0 0 0 0.813373 0.581742
1648022262.090931800 16.7304 5.02526 0 0 0 0.814378 0.580334
1648022262.617097600 16.7118 5.07366 0 0 0 0.815106 0.579312
1648022263.093617700 16.695 5.12147 0 0 0 0.815595 0.578623
1648022263.594390500 16.6817 5.16987 0 0 0 0.815654 0.578541
1648022264.170785600 16.6655 5.21851 0 0 0 0.815248 0.579113
1648022264.546729700 16.6483 5.26633 0 0 0 0.81484 0.579686
1648022264.798848200 16.6324 5.31766 0 0 0 0.814882 0.579627
1648022265.047995600 16.6167 5.36506 0 0 0 0.815219 0.579152
1648022265.298681200 16.5997 5.41275 0 0 0 0.815539 0.578702
1648022265.574379500 16.5848 5.46295 0 0 0 0.815339 0.578983
1648022265.825130800 16.5677 5.51054 0 0 0 0.815186 0.579199
1648022266.075700600 16.5493 5.55991 0 0 0 0.815213 0.579161
1648022266.326351500 16.5326 5.60748 0 0 0 0.815449 0.578829
1648022266.602021000 16.5164 5.65726 0 0 0 0.816214 0.577749
1648022266.877627800 16.4991 5.70731 0 0 0 0.81656 0.577261
1648022267.128197700 16.4832 5.75599 0 0 0 0.816342 0.577569
1648022267.403776600 16.4655 5.807 0 0 0 0.816191 0.577782
1648022267.654292800 16.446 5.85314 0 0 0 0.815969 0.578095
1648022267.904844800 16.4314 5.90112 0 0 0 0.816514 0.577326
1648022268.155456100 16.4142 5.94876 0 0 0 0.817214 0.576335
1648022268.405964400 16.3981 5.99642 0 0 0 0.817807 0.575493
1648022268.681547000 16.3798 6.04754 0 0 0 0.817755 0.575567
1648022268.957088100 16.3643 6.0987 0 0 0 0.815808 0.578323
1648022269.207783900 16.3434 6.14497 0 0 0 0.811156 0.58483
1648022269.483250000 16.3254 6.19567 0 0 0 0.806286 0.591526
1648022269.733927700 16.3104 6.24441 0 0 0 0.802382 0.59681
1648022269.984425700 16.2914 6.2932 0 0 0 0.798149 0.60246
1648022270.259995900 16.2759 6.34505 0 0 0 0.792933 0.609309
1648022270.510715300 16.2625 6.39448 0 0 0 0.788533 0.614992
1648022270.786312100 16.2479 6.44653 0 0 0 0.784002 0.620758
1648022271.062026400 16.2357 6.49576 0 0 0 0.77985 0.625967
1648022271.262594700 16.2248 6.54452 0 0 0 0.776975 0.629532
1648022271.563221800 16.2137 6.59759 0 0 0 0.772279 0.635283
1648022271.813891700 16.1993 6.6455 0 0 0 0.767565 0.640971
1648022272.064576900 16.19 6.69456 0 0 0 0.763091 0.64629
1648022272.340202300 16.1786 6.74642 0 0 0 0.758252 0.651961
1648022272.615858300 16.1733 6.7992 0 0 0 0.754267 0.656568
1648022272.866500000 16.1651 6.85045 0 0 0 0.750361 0.661028
1648022273.142159800 16.1582 6.90438 0 0 0 0.745257 0.666777
1648022273.417799200 16.154 6.95464 0 0 0 0.740413 0.672153
1648022273.668459000 16.1449 7.00597 0 0 0 0.73547 0.677558
1648022273.944081900 16.1395 7.06018 0 0 0 0.730632 0.682771
1648022274.197005200 16.1376 7.11029 0 0 0 0.726715 0.686939
1648022274.470301800 16.1308 7.16292 0 0 0 0.721608 0.692302
1648022274.720823600 16.1288 7.21313 0 0 0 0.716698 0.697384
1648022274.975097500 16.1259 7.2662 0 0 0 0.711758 0.702425
1648022275.246938300 16.1247 7.32104 0 0 0 0.706733 0.70748
1648022275.522590500 16.1253 7.37521 0 0 0 0.708302 0.705909
1648022275.798208700 16.1279 7.42876 0 0 0 0.71001 0.704192
1648022276.073777800 16.1318 7.48264 0 0 0 0.710754 0.703441
1648022276.324369900 16.128 7.53539 0 0 0 0.709736 0.704467
1648022276.574930900 16.134 7.58676 0 0 0 0.710783 0.703411
1648022276.825578900 16.1276 7.63657 0 0 0 0.710171 0.704029
1648022277.101268800 16.1321 7.68928 0 0 0 0.718233 0.695803
1648022277.376756000 16.1355 7.74462 0 0 0 0.725627 0.688089
1648022277.627416800 16.1407 7.79653 0 0 0 0.732086 0.681213
1648022277.878028200 16.1347 7.84707 0 0 0 0.736197 0.676767
1648022278.153637100 16.1354 7.90077 0 0 0 0.741345 0.671124
1648022278.404266800 16.1304 7.95131 0 0 0 0.74514 0.666908
1648022278.654805300 16.1289 8.00277 0 0 0 0.747736 0.663996
1648022278.905316500 16.1201 8.05212 0 0 0 0.746935 0.664897
1648022279.180857600 16.1173 8.10312 0 0 0 0.747587 0.664163
1648022279.431339600 16.1115 8.15279 0 0 0 0.747576 0.664176
1648022279.681851400 16.1074 8.20447 0 0 0 0.74655 0.665329
1648022279.882206800 16.1001 8.26026 0 0 0 0.745476 0.666532
1648022280.083057900 16.0918 8.31701 0 0 0 0.745681 0.666303
1648022280.258004400 16.0894 8.37417 0 0 0 0.747554 0.664201
1648022280.433503000 16.0882 8.42438 0 0 0 0.748829 0.662763
1648022280.608677100 16.0788 8.47828 0 0 0 0.748818 0.662776
1648022280.786813100 16.0773 8.52964 0 0 0 0.749107 0.662449
1648022280.959358100 16.0697 8.58223 0 0 0 0.748801 0.662795
1648022281.134750900 16.0623 8.63434 0 0 0 0.74854 0.663089
1648022281.310141100 16.0569 8.68817 0 0 0 0.749151 0.662399
1648022281.485611700 16.0534 8.73897 0 0 0 0.749779 0.661688
1648022281.660885200 16.0474 8.79166 0 0 0 0.749866 0.66159
1648022281.836282500 16.0413 8.84328 0 0 0 0.749245 0.662293
1648022282.011779900 16.0351 8.89615 0 0 0 0.749245 0.662293
1648022282.314801100 16.0323 8.9517 0 0 0 0.753037 0.657978
1648022282.562809100 16.0238 9.00333 0 0 0 0.752461 0.658637
1648022282.813325000 16.0191 9.05381 0 0 0 0.753185 0.657809
1648022283.088956900 16.0116 9.10609 0 0 0 0.753505 0.657442
1648022283.339485100 16.0019 9.15736 0 0 0 0.752259 0.658868
1648022283.591273300 15.9949 9.20719 0 0 0 0.753159 0.657838
1648022283.841520400 15.9862 9.2588 0 0 0 0.753097 0.65791
1648022284.091219900 15.9807 9.3087 0 0 0 0.753614 0.657317
1648022284.366895000 15.9758 9.36309 0 0 0 0.755043 0.655675
1648022284.617501600 15.9698 9.41405 0 0 0 0.754553 0.656239
1648022284.868081300 15.9595 9.46446 0 0 0 0.754342 0.656482
1648022285.143736000 15.9526 9.51721 0 0 0 0.75501 0.655713
1648022285.421583900 15.9422 9.57253 0 0 0 0.754949 0.655783
1648022285.694980300 15.9394 9.62602 0 0 0 0.756676 0.65379
1648022285.945557300 15.9321 9.67585 0 0 0 0.756521 0.65397
1648022286.221118100 15.925 9.73 0 0 0 0.756098 0.654459
1648022286.496661700 15.923 9.78526 0 0 0 0.756253 0.654279
1648022286.772298100 15.9079 9.83728 0 0 0 0.756125 0.654427
1648022287.047801900 15.9013 9.88841 0 0 0 0.756966 0.653454
1648022287.298354300 15.8992 9.93954 0 0 0 0.75777 0.652522
1648022287.573869000 15.8916 9.99429 0 0 0 0.757966 0.652294
1648022287.824432100 15.8859 10.0448 0 0 0 0.758142 0.652089
1648022288.099880700 15.8769 10.0982 0 0 0 0.757874 0.652401
1648022288.350495500 15.8684 10.1489 0 0 0 0.758104 0.652133
1648022288.625947600 15.8583 10.2031 0 0 0 0.758705 0.651434
1648022288.901565200 15.8526 10.2566 0 0 0 0.759758 0.650206
1648022289.177164900 15.8459 10.31 0 0 0 0.760083 0.649826
1648022289.427699900 15.8431 10.3602 0 0 0 0.760377 0.649482
1648022289.703288700 15.8373 10.414 0 0 0 0.75997 0.649958
1648022289.978906900 15.8317 10.4675 0 0 0 0.760474 0.649369
1648022290.254544600 15.821 10.521 0 0 0 0.76156 0.648095
1648022290.530197900 15.8193 10.5758 0 0 0 0.767758 0.64074
1648022290.780802400 15.8133 10.6268 0 0 0 0.773008 0.634396
1648022291.031350500 15.8104 10.6771 0 0 0 0.777515 0.628865
1648022291.307059200 15.7969 10.729 0 0 0 0.785421 0.618962
1648022291.557761300 15.7831 10.7777 0 0 0 0.796226 0.605
1648022291.758226900 15.7797 10.8169 0 0 0 0.807523 0.589836
1648022291.958778400 15.7734 10.8586 0 0 0 0.818902 0.573933
1648022292.159368200 15.7547 10.8978 0 0 0 0.830153 0.557535
1648022292.334800000 15.751 10.9359 0 0 0 0.84037 0.542013
1648022292.510315200 15.7509 10.9704 0 0 0 0.850142 0.526554
1648022292.685791400 15.722 11.0028 0 0 0 0.860228 0.509909
1648022292.861101600 15.7191 11.0392 0 0 0 0.870119 0.492841
1648022293.011519400 15.7143 11.0681 0 0 0 0.880022 0.474933
1648022293.136832700 15.6952 11.0902 0 0 0 0.888224 0.459411
1648022293.262247500 15.6753 11.1133 0 0 0 0.896247 0.443556
1648022293.415776800 15.6632 11.1403 0 0 0 0.905435 0.424485
1648022293.538693600 15.6543 11.1637 0 0 0 0.912765 0.408485
1648022293.689119500 15.6373 11.1875 0 0 0 0.92116 0.389185
1648022293.813455000 15.6244 11.211 0 0 0 0.927944 0.372719
1648022293.940208700 15.6136 11.2326 0 0 0 0.934416 0.356182
1648022294.064069900 15.5952 11.2518 0 0 0 0.940675 0.339309
1648022294.189340900 15.5804 11.2729 0 0 0 0.946663 0.322225
1648022294.314643500 15.5613 11.2899 0 0 0 0.952279 0.30523
1648022294.439929600 15.5394 11.3109 0 0 0 0.957533 0.288323
1648022294.565218300 15.5209 11.3283 0 0 0 0.962433 0.271521
1648022294.715540500 15.4955 11.3504 0 0 0 0.967782 0.251789
1648022294.865876200 15.4719 11.3707 0 0 0 0.972827 0.231532
1648022295.016309000 15.4571 11.3923 0 0 0 0.977458 0.211128
1648022295.166470200 15.442 11.413 0 0 0 0.981577 0.191067
1648022295.317010800 15.4124 11.4287 0 0 0 0.985377 0.170391
1648022295.442377800 15.3882 11.4406 0 0 0 0.988194 0.153206
1648022295.567587400 15.3701 11.4526 0 0 0 0.990755 0.135661
1648022295.695367100 15.3447 11.4652 0 0 0 0.992989 0.118204
1648022295.824684800 15.3171 11.4764 0 0 0 0.995054 0.09934
1648022295.943410600 15.2941 11.4878 0 0 0 0.99664 0.0819026
1648022296.094510200 15.2706 11.496 0 0 0 0.998124 0.0612245
1648022296.219231800 15.2497 11.5061 0 0 0 0.999079 0.0429105
1648022296.369518700 15.2098 11.5131 0 0 0 0.999736 0.022958
1648022296.494860300 15.1781 11.5174 0 0 0 0.999986 0.00533705
1648022296.645260300 15.1508 11.5219 0 0 0 0.999885 -0.0151755
1648022296.777402500 15.136 11.5308 0 0 0 0.999454 -0.0330499
1648022296.920972000 15.1052 11.5312 0 0 0 0.998625 -0.0524173
1648022297.071305700 15.0557 11.526 0 0 0 0.997517 -0.0704246
1648022297.247311500 15.0161 11.5239 0 0 0 0.995907 -0.0903856
1648022297.422055400 14.9764 11.5219 0 0 0 0.993894 -0.11034
1648022297.597431400 14.9243 11.5163 0 0 0 0.992023 -0.126059
1648022297.822896900 14.8958 11.5095 0 0 0 0.989539 -0.144264
1648022298.048400500 14.8436 11.4993 0 0 0 0.986954 -0.161001
1648022298.348897000 14.7933 11.4822 0 0 0 0.984079 -0.177732
1648022298.549234800 14.7406 11.4716 0 0 0 0.982177 -0.187956
1648022298.824730600 14.6927 11.4528 0 0 0 0.979662 -0.200655
1648022299.100286100 14.6422 11.4333 0 0 0 0.978143 -0.207931
1648022299.475861900 14.5943 11.4128 0 0 0 0.975946 -0.21801
1648022299.901718800 14.5426 11.3917 0 0 0 0.973679 -0.227922
1648022300.177256500 14.5009 11.3619 0 0 0 0.974017 -0.226473
1648022300.430127900 14.4529 11.3398 0 0 0 0.974054 -0.226317
1648022300.603009000 14.4007 11.3205 0 0 0 0.974208 -0.22565
1648022300.853457000 14.3528 11.3031 0 0 0 0.974582 -0.224029
1648022301.254142700 14.3055 11.2703 0 0 0 0.976481 -0.215605
1648022301.429505400 14.2536 11.2513 0 0 0 0.977588 -0.210527
1648022301.856946800 14.2101 11.222 0 0 0 0.98049 -0.196568
1648022302.080701700 14.1571 11.202 0 0 0 0.982281 -0.187414
1648022302.205984800 14.1103 11.1855 0 0 0 0.983475 -0.181044
1648022302.356251800 14.0631 11.1647 0 0 0 0.984908 -0.17308
1648022302.681891500 14.0251 11.1438 0 0 0 0.987817 -0.155617
1648022302.982510100 14.0004 11.1294 0 0 0 0.990406 -0.13819
1648022303.157936000 13.9457 11.1177 0 0 0 0.991764 -0.128078
1648022303.308210300 13.8982 11.1027 0 0 0 0.992808 -0.11972
1648022303.483620900 13.8436 11.0895 0 0 0 0.993427 -0.114468
1648022303.810950700 13.7948 11.079 0 0 0 0.994128 -0.108212
1648022304.260312000 13.7437 11.0674 0 0 0 0.995205 -0.0978071
1648022304.410684300 13.6957 11.0539 0 0 0 0.995585 -0.0938659
1648022304.586047500 13.6399 11.046 0 0 0 0.996 -0.0893494
1648022304.786403400 13.5915 11.0356 0 0 0 0.996164 -0.087507
1648022305.066357500 13.5424 11.0299 0 0 0 0.995968 -0.0897075
1648022305.387716700 13.4868 11.021 0 0 0 0.995786 -0.0917105
1648022305.588153200 13.4376 11.0111 0 0 0 0.995741 -0.0921978
1648022305.788546200 13.3853 11.0004 0 0 0 0.995719 -0.0924359
1648022306.289557800 13.3369 10.9929 0 0 0 0.995754 -0.0920544
1648022306.489923100 13.2871 10.9832 0 0 0 0.995787 -0.0916998
1648022306.640258700 13.2339 10.9732 0 0 0 0.995714 -0.0924849
1648022306.965975300 13.1854 10.9656 0 0 0 0.995647 -0.0932049
1648022307.316834900 13.1357 10.9599 0 0 0 0.995685 -0.0927944
1648022307.467031500 13.08 10.9482 0 0 0 0.995707 -0.0925583
1648022307.567227600 13.0292 10.9382 0 0 0 0.995685 -0.092794
1648022307.667494900 12.9809 10.9285 0 0 0 0.995702 -0.0926145
1648022307.842810700 12.929 10.9208 0 0 0 0.995646 -0.093215
1648022308.218745200 12.8807 10.914 0 0 0 0.995547 -0.0942662
1648022308.369103300 12.8295 10.908 0 0 0 0.995484 -0.0949319
1648022308.494335700 12.7775 10.8942 0 0 0 0.995505 -0.0947095
1648022308.669732100 12.7276 10.8841 0 0 0 0.995583 -0.0938847
1648022308.945814500 12.6701 10.8774 0 0 0 0.995581 -0.0939044
1648022309.070595500 12.6204 10.8676 0 0 0 0.995492 -0.0948427
1648022309.170811600 12.5722 10.8586 0 0 0 0.995464 -0.0951345
1648022309.321113500 12.5194 10.8466 0 0 0 0.995429 -0.0955033
1648022309.571707000 12.4695 10.8425 0 0 0 0.995396 -0.0958435
1648022309.847180200 12.422 10.8329 0 0 0 0.995392 -0.0958887
1648022310.022618100 12.3634 10.8211 0 0 0 0.995398 -0.0958275
1648022310.122755200 12.311 10.8123 0 0 0 0.995333 -0.0964964
1648022310.247992400 12.2532 10.8039 0 0 0 0.995266 -0.0971892
1648022310.423334400 12.2047 10.7919 0 0 0 0.995277 -0.0970748
1648022310.849143100 12.1516 10.7829 0 0 0 0.995305 -0.0967921
1648022310.999439100 12.0924 10.7737 0 0 0 0.995289 -0.096954
1648022311.099615200 12.0394 10.7607 0 0 0 0.995254 -0.0973157
1648022311.199807400 11.9914 10.7552 0 0 0 0.99521 -0.0977597
1648022311.350198200 11.9413 10.745 0 0 0 0.995141 -0.0984596
1648022311.776045100 11.8933 10.7349 0 0 0 0.995149 -0.0983815
1648022312.001327600 11.8369 10.7279 0 0 0 0.99506 -0.0992798
1648022312.101588400 11.7795 10.7166 0 0 0 0.995082 -0.0990591
1648022312.201763400 11.7254 10.7013 0 0 0 0.995067 -0.0992089
1648022312.327021300 11.6707 10.6954 0 0 0 0.994938 -0.100486
1648022312.627687800 11.6235 10.6849 0 0 0 0.994924 -0.100629
1648022312.878114500 11.5732 10.6754 0 0 0 0.99495 -0.100368
1648022313.028475800 11.5245 10.6654 0 0 0 0.994963 -0.100246
1648022313.228897500 11.4727 10.6567 0 0 0 0.994871 -0.101153
1648022313.361922200 11.4235 10.6453 0 0 0 0.994839 -0.10147
1648022313.479444900 11.3736 10.6376 0 0 0 0.994789 -0.101956
1648022313.806803700 11.3276 10.6275 0 0 0 0.99478 -0.102043
1648022313.980525000 11.2726 10.6156 0 0 0 0.994791 -0.101934
1648022314.080729800 11.2253 10.6078 0 0 0 0.99471 -0.102721
1648022314.206053100 11.1705 10.5965 0 0 0 0.994726 -0.102569
1648022314.381416200 11.1251 10.587 0 0 0 0.994649 -0.10331
1648022314.607016200 11.0776 10.5796 0 0 0 0.994568 -0.10409
1648022314.832641700 11.0278 10.5682 0 0 0 0.994604 -0.103745
1648022315.007862200 10.9751 10.5584 0 0 0 0.994589 -0.10389
1648022315.183355600 10.9279 10.5483 0 0 0 0.994545 -0.10431
1648022315.383715600 10.8776 10.5386 0 0 0 0.99447 -0.105017
1648022315.584178500 10.8279 10.5292 0 0 0 0.99439 -0.105778
1648022315.784633600 10.7791 10.5181 0 0 0 0.994382 -0.10585
1648022315.934888700 10.7256 10.5076 0 0 0 0.994396 -0.105722
1648022316.135353000 10.6785 10.4977 0 0 0 0.994373 -0.105931
1648022316.335795700 10.6328 10.4879 0 0 0 0.994337 -0.106276
1648022316.486273800 10.5864 10.4784 0 0 0 0.994228 -0.107286
1648022316.636639400 10.5356 10.4691 0 0 0 0.994183 -0.1077
1648022316.811894300 10.4879 10.4563 0 0 0 0.994185 -0.107685
1648022317.112610800 10.4338 10.4472 0 0 0 0.994192 -0.107618
1648022317.264411400 10.3794 10.4371 0 0 0 0.994129 -0.108203
1648022317.413216800 10.3288 10.4244 0 0 0 0.994083 -0.108622
1648022317.588617200 10.2833 10.4171 0 0 0 0.993991 -0.109465
1648022317.763969200 10.2333 10.4052 0 0 0 0.994006 -0.109326
1648022317.989502600 10.1866 10.3957 0 0 0 0.994014 -0.10925
1648022318.215043100 10.1357 10.3849 0 0 0 0.994014 -0.109251
1648022318.365429200 10.088 10.377 0 0 0 0.99395 -0.10983
1648022318.515737000 10.0412 10.3645 0 0 0 0.993922 -0.110086
1648022318.716193400 9.99247 10.3551 0 0 0 0.993824 -0.11097
1648022318.916661900 9.94778 10.3438 0 0 0 0.993821 -0.110998
1648022319.092091700 9.90068 10.3367 0 0 0 0.993787 -0.111295
1648022319.267537900 9.85114 10.3238 0 0 0 0.993813 -0.111063
1648022319.468094300 9.80516 10.3137 0 0 0 0.993737 -0.111743
1648022319.618359200 9.75756 10.3027 0 0 0 0.993702 -0.112056
1648022319.743611800 9.71156 10.2941 0 0 0 0.993647 -0.112545
1648022319.969249100 9.66318 10.2825 0 0 0 0.993576 -0.113167
1648022320.194773200 9.61291 10.2707 0 0 0 0.993635 -0.112646
1648022320.345076200 9.56145 10.2582 0 0 0 0.993612 -0.112852
1648022320.470392600 9.51367 10.2473 0 0 0 0.993619 -0.112789
1648022320.746112000 9.46469 10.2414 0 0 0 0.993425 -0.114486
1648022320.921422300 9.41316 10.2269 0 0 0 0.993437 -0.114383
1648022321.071805300 9.35863 10.2135 0 0 0 0.993448 -0.114287
1648022321.222109500 9.3084 10.2049 0 0 0 0.993362 -0.115028
1648022321.422616200 9.26231 10.1932 0 0 0 0.993398 -0.11472
1648022321.673235600 9.2165 10.1821 0 0 0 0.993312 -0.115464
1648022321.823726000 9.16089 10.1714 0 0 0 0.993248 -0.116008
1648022321.948861300 9.11069 10.1547 0 0 0 0.993294 -0.115612
1648022322.124329300 9.05921 10.1508 0 0 0 0.993156 -0.116798
1648022322.399958700 9.01142 10.1341 0 0 0 0.993302 -0.115551
1648022322.525279500 8.95608 10.1257 0 0 0 0.993256 -0.115938
1648022322.625456200 8.90879 10.1101 0 0 0 0.993324 -0.115356
1648022322.750830300 8.851 10.1041 0 0 0 0.993132 -0.116997
1648022322.876123200 8.80503 10.087 0 0 0 0.993221 -0.116244
1648022323.076544800 8.75704 10.0803 0 0 0 0.993172 -0.116663
1648022323.201781900 8.71003 10.0643 0 0 0 0.993309 -0.115489
1648022323.302009000 8.6606 10.0544 0 0 0 0.993286 -0.115684
1648022323.402188500 8.60531 10.0466 0 0 0 0.993127 -0.117044
1648022323.502506100 8.5565 10.0338 0 0 0 0.993107 -0.117213
1648022323.652755200 8.50613 10.0199 0 0 0 0.993102 -0.117251
1648022323.853216500 8.45484 10.0122 0 0 0 0.993078 -0.117458
1648022324.028626300 8.40313 10.0027 0 0 0 0.992978 -0.118301
1648022324.153893300 8.34728 9.98351 0 0 0 0.993037 -0.117807
1648022324.279082200 8.28734 9.97411 0 0 0 0.992935 -0.118657
1648022324.379304500 8.23933 9.96395 0 0 0 0.992921 -0.118778
1648022324.554697300 8.19053 9.95424 0 0 0 0.992913 -0.118845
1648022324.730058500 8.13757 9.93949 0 0 0 0.992935 -0.118657
1648022324.905406900 8.07958 9.92936 0 0 0 0.992762 -0.120101
1648022325.080809900 8.02909 9.91392 0 0 0 0.992729 -0.120368
1648022325.231210900 7.97487 9.90249 0 0 0 0.992592 -0.121493
1648022325.356456200 7.91964 9.89185 0 0 0 0.992553 -0.121818
1648022325.506824700 7.86444 9.87346 0 0 0 0.992616 -0.121302
1648022325.632120400 7.81358 9.86414 0 0 0 0.992527 -0.122024
1648022325.782472200 7.75808 9.84889 0 0 0 0.992509 -0.122168
1648022325.932858400 7.70221 9.83954 0 0 0 0.992376 -0.12325
1648022326.058037000 7.65238 9.82354 0 0 0 0.992454 -0.122621
1648022326.208391800 7.59563 9.80959 0 0 0 0.992439 -0.122736
1648022326.333619700 7.54363 9.80389 0 0 0 0.992317 -0.123724
1648022326.509078300 7.48676 9.78588 0 0 0 0.992526 -0.122034
1648022326.634221300 7.43761 9.77865 0 0 0 0.992646 -0.121056
1648022326.759469100 7.38632 9.76089 0 0 0 0.993075 -0.117478
1648022326.909714200 7.33109 9.74739 0 0 0 0.993651 -0.112503
1648022327.037096900 7.27964 9.73543 0 0 0 0.994156 -0.107949
1648022327.160165100 7.22703 9.72348 0 0 0 0.994483 -0.104896
1648022327.310439700 7.17473 9.70904 0 0 0 0.994877 -0.101092
1648022327.460696800 7.1192 9.70083 0 0 0 0.995192 -0.0979389
1648022327.585937300 7.07066 9.68899 0 0 0 0.995562 -0.0941109
1648022327.736289100 7.01761 9.67903 0 0 0 0.995969 -0.0896956
1648022327.861486900 6.96513 9.67088 0 0 0 0.996265 -0.0863429
1648022328.011845900 6.91258 9.66061 0 0 0 0.996605 -0.0823363
1648022328.162076100 6.85712 9.65735 0 0 0 0.996797 -0.0799679
1648022328.287319000 6.80543 9.64407 0 0 0 0.997067 -0.0765328
1648022328.437616100 6.74804 9.63269 0 0 0 0.997404 -0.0720114
1648022328.562910700 6.69516 9.62798 0 0 0 0.997647 -0.0685654
1648022328.688197300 6.64533 9.62003 0 0 0 0.997848 -0.0655719
1648022328.838610200 6.59114 9.61373 0 0 0 0.998084 -0.0618723
1648022328.989708000 6.53413 9.6075 0 0 0 0.998253 -0.0590915
1648022329.114055200 6.48463 9.59864 0 0 0 0.998482 -0.0550708
1648022329.239290700 6.4332 9.59263 0 0 0 0.998678 -0.0513994
1648022329.389595900 6.37787 9.59064 0 0 0 0.998853 -0.0478759
1648022329.539869400 6.32175 9.583 0 0 0 0.999035 -0.0439117
1648022329.690222700 6.26562 9.57539 0 0 0 0.999103 -0.0423425
1648022329.815618100 6.21007 9.57717 0 0 0 0.99906 -0.0433468
1648022329.965869600 6.15335 9.57105 0 0 0 0.999033 -0.0439658
1648022330.091103000 6.09845 9.57126 0 0 0 0.998994 -0.0448423
1648022330.241467900 6.03982 9.5619 0 0 0 0.999008 -0.0445254
1648022330.391755400 5.98644 9.55977 0 0 0 0.998978 -0.0452087
1648022330.517237700 5.92991 9.55773 0 0 0 0.99891 -0.0466855
1648022330.667324500 5.88072 9.5528 0 0 0 0.998902 -0.0468458
1648022330.795197400 5.82662 9.54661 0 0 0 0.998921 -0.0464423
1648022330.917860200 5.77718 9.54056 0 0 0 0.998925 -0.046362
1648022331.068146300 5.71955 9.54211 0 0 0 0.998862 -0.0476862
1648022331.218449100 5.66361 9.53378 0 0 0 0.998832 -0.048324
1648022331.343712500 5.61317 9.52985 0 0 0 0.998793 -0.0491214
1648022331.469039500 5.56358 9.52617 0 0 0 0.99881 -0.0487793
1648022331.594247800 5.50837 9.52071 0 0 0 0.998827 -0.0484222
1648022331.744641800 5.45052 9.51926 0 0 0 0.998809 -0.0487816
1648022331.894898600 5.39385 9.51277 0 0 0 0.998801 -0.048948
1648022332.020090200 5.34298 9.50602 0 0 0 0.998786 -0.0492589
1648022332.170387100 5.28777 9.50786 0 0 0 0.998734 -0.0502949
1648022332.295640100 5.23523 9.5029 0 0 0 0.998746 -0.0500702
1648022332.445915200 5.18004 9.49667 0 0 0 0.99877 -0.0495801
1648022332.571216600 5.12575 9.49025 0 0 0 0.998753 -0.0499282
1648022332.749513900 5.0643 9.48768 0 0 0 0.998726 -0.0504709
1648022332.871831100 5.00536 9.48227 0 0 0 0.998664 -0.0516663
1648022333.022141900 4.95476 9.4775 0 0 0 0.99869 -0.0511598
1648022333.147461000 4.89922 9.46955 0 0 0 0.99871 -0.0507758
1648022333.297803400 4.84415 9.46771 0 0 0 0.99868 -0.0513622
1648022333.423062500 4.79458 9.4607 0 0 0 0.99866 -0.0517544
1648022333.548329700 4.74196 9.45737 0 0 0 0.99864 -0.0521309
1648022333.698929600 4.6867 9.45569 0 0 0 0.998566 -0.0535296
1648022333.824096200 4.63273 9.44543 0 0 0 0.998549 -0.0538513
1648022333.974370800 4.57912 9.43948 0 0 0 0.998339 -0.0576056
1648022334.099703500 4.52719 9.44047 0 0 0 0.998075 -0.0620187
1648022334.250114000 4.47099 9.43453 0 0 0 0.997728 -0.0673637
1648022334.375368800 4.41831 9.42645 0 0 0 0.997377 -0.0723787
1648022334.500677300 4.36783 9.42261 0 0 0 0.997029 -0.0770331
1648022334.625978500 4.31795 9.4161 0 0 0 0.996772 -0.0802901
1648022334.776353800 4.26168 9.40732 0 0 0 0.996454 -0.084137
1648022334.901599400 4.20929 9.39945 0 0 0 0.996162 -0.0875242
1648022335.051973400 4.15259 9.38866 0 0 0 0.995802 -0.0915366
1648022335.202206400 4.09712 9.38255 0 0 0 0.995332 -0.096505
1648022335.327496000 4.04627 9.37505 0 0 0 0.994946 -0.100412
1648022335.477778600 3.98892 9.36241 0 0 0 0.994514 -0.104604
1648022335.628053100 3.93263 9.35088 0 0 0 0.994094 -0.108525
1648022335.753380600 3.88266 9.34106 0 0 0 0.993624 -0.112744
1648022335.903616100 3.82357 9.32939 0 0 0 0.993087 -0.117385
1648022336.028853100 3.77326 9.31971 0 0 0 0.99261 -0.121345
1648022336.154055700 3.72383 9.30739 0 0 0 0.99224 -0.12434
1648022336.304366800 3.66572 9.29418 0 0 0 0.991705 -0.128538
1648022336.454651700 3.60909 9.28122 0 0 0 0.991154 -0.132719
1648022336.580028700 3.55859 9.26719 0 0 0 0.990655 -0.136395
1648022336.730258000 3.50838 9.25378 0 0 0 0.98999 -0.141135
1648022336.855543100 3.45899 9.24157 0 0 0 0.989411 -0.145143
1648022336.980801900 3.40654 9.22741 0 0 0 0.989183 -0.146687
1648022337.131074500 3.35096 9.20849 0 0 0 0.989229 -0.146375
1648022337.281409200 3.29554 9.19342 0 0 0 0.989308 -0.14584
1648022337.406659100 3.2478 9.17709 0 0 0 0.989368 -0.145434
1648022337.557010400 3.19877 9.16292 0 0 0 0.988837 -0.149004
1648022337.732372000 3.14777 9.15156 0 0 0 0.988827 -0.149068
1648022337.932812600 3.09674 9.13586 0 0 0 0.988795 -0.149277
1648022338.083198300 3.04703 9.12734 0 0 0 0.988638 -0.150317
1648022338.258692600 2.99925 9.10431 0 0 0 0.988847 -0.148935
1648022338.459111100 2.94436 9.09057 0 0 0 0.988679 -0.150043
1648022338.634524200 2.89181 9.07189 0 0 0 0.988663 -0.150154
1648022338.835024100 2.83894 9.05698 0 0 0 0.988539 -0.150968
1648022339.010475200 2.79038 9.04357 0 0 0 0.988479 -0.151356
1648022339.185925600 2.73806 9.02155 0 0 0 0.988615 -0.150464
1648022339.361403800 2.68774 9.01086 0 0 0 0.988413 -0.15179
1648022339.536638200 2.63462 8.99568 0 0 0 0.988302 -0.152507
1648022339.711997200 2.58203 8.97737 0 0 0 0.988311 -0.15245
1648022339.887387100 2.5302 8.96572 0 0 0 0.988125 -0.153655
1648022340.087854400 2.47749 8.94973 0 0 0 0.988132 -0.153608
1648022340.263304000 2.42544 8.93122 0 0 0 0.988257 -0.152802
1648022340.438862000 2.37685 8.91485 0 0 0 0.988292 -0.152573
1648022340.614098600 2.32594 8.90027 0 0 0 0.988249 -0.152855
1648022340.789453400 2.27404 8.88974 0 0 0 0.988035 -0.154231
1648022340.964857100 2.22499 8.86673 0 0 0 0.988183 -0.153277
1648022341.165328400 2.16998 8.85388 0 0 0 0.988098 -0.153823
1648022341.340693500 2.11837 8.83851 0 0 0 0.988085 -0.153908
1648022341.516162800 2.06444 8.82161 0 0 0 0.988091 -0.153868
1648022341.691458200 2.01357 8.80439 0 0 0 0.988028 -0.154277
1648022341.868456400 1.96264 8.79321 0 0 0 0.987887 -0.155172
1648022342.042229000 1.91218 8.77395 0 0 0 0.987948 -0.154786
1648022342.242630000 1.85884 8.7561 0 0 0 0.988072 -0.153992
1648022342.417963600 1.80655 8.74474 0 0 0 0.987877 -0.155241
1648022342.593380900 1.75391 8.73014 0 0 0 0.987808 -0.155679
1648022342.769325600 1.70805 8.70863 0 0 0 0.987971 -0.154637
1648022342.969002400 1.65238 8.69274 0 0 0 0.987826 -0.155564
1648022343.119297400 1.60388 8.67954 0 0 0 0.987676 -0.156512
1648022343.319701900 1.54754 8.66182 0 0 0 0.987728 -0.156182
1648022343.494977800 1.50054 8.64341 0 0 0 0.987804 -0.1557
1648022343.671498200 1.44676 8.63229 0 0 0 0.987556 -0.15727
1648022343.845670700 1.39753 8.61286 0 0 0 0.987457 -0.157887
1648022344.046055800 1.34514 8.5939 0 0 0 0.987364 -0.158466
1648022344.221408100 1.29169 8.58027 0 0 0 0.987257 -0.159133
1648022344.396684500 1.24307 8.56497 0 0 0 0.987214 -0.159403
1648022344.572159700 1.19193 8.54579 0 0 0 0.987234 -0.159277
1648022344.747384200 1.14255 8.53106 0 0 0 0.987163 -0.159714
1648022344.922746500 1.08785 8.51472 0 0 0 0.987172 -0.159662
1648022345.098031100 1.0382 8.49965 0 0 0 0.987701 -0.156356
1648022345.298427800 0.986135 8.47928 0 0 0 0.988642 -0.150291
1648022345.473717100 0.934678 8.4624 0 0 0 0.989439 -0.144948
1648022345.649115500 0.88396 8.44742 0 0 0 0.990183 -0.13978
1648022345.824432200 0.832878 8.43271 0 0 0 0.990907 -0.134547
1648022345.999710700 0.782677 8.41747 0 0 0 0.991792 -0.127862
1648022346.175100500 0.731464 8.40449 0 0 0 0.992841 -0.119445
1648022346.350346100 0.683975 8.38766 0 0 0 0.994084 -0.108614
1648022346.525701800 0.633621 8.37656 0 0 0 0.995162 -0.0982513
1648022346.701016900 0.581773 8.36786 0 0 0 0.995981 -0.0895691
1648022346.876423500 0.533276 8.35585 0 0 0 0.996832 -0.0795319
1648022347.051729600 0.481627 8.34969 0 0 0 0.997443 -0.0714684
1648022347.227088600 0.427148 8.34369 0 0 0 0.99802 -0.0629034
1648022347.402541700 0.375656 8.33408 0 0 0 0.998666 -0.0516361
1648022347.602960600 0.318683 8.32774 0 0 0 0.999188 -0.0402988
1648022347.778388900 0.26359 8.32264 0 0 0 0.999478 -0.032302
1648022347.953882400 0.212709 8.31765 0 0 0 0.999717 -0.0238097
1648022348.154197300 0.156613 8.31661 0 0 0 0.999896 -0.0144076
1648022348.404906100 0.104029 8.31438 0 0 0 0.999993 -0.00364952
1648022348.680391900 0.0509811 8.31239 0 0 0 0.999972 0.00746524
1648022348.931050100 -0.000985884 8.31152 0 0 0 0.999921 0.0125416
1648022349.206673900 -0.0534097 8.31449 0 0 0 0.999954 0.00955933
1648022349.457390300 -0.104964 8.32094 0 0 0 0.999999 0.0010346
1648022349.733055500 -0.158668 8.32859 0 0 0 0.999915 -0.0130743
1648022350.008803800 -0.212242 8.33301 0 0 0 0.999636 -0.0269972
1648022350.259324900 -0.264798 8.33495 0 0 0 0.999151 -0.0411951
1648022350.484929000 -0.315046 8.3339 0 0 0 0.998445 -0.0557426
1648022350.685489700 -0.356507 8.33437 0 0 0 0.997279 -0.0737142
1648022350.910934100 -0.400012 8.33397 0 0 0 0.995663 -0.0930289
1648022351.086496200 -0.430709 8.33334 0 0 0 0.993737 -0.111747
1648022351.236851200 -0.47457 8.32919 0 0 0 0.991483 -0.130235
1648022351.412187800 -0.501726 8.32782 0 0 0 0.988953 -0.148228
1648022351.562553300 -0.531949 8.3228 0 0 0 0.986183 -0.165659
1648022351.712906100 -0.564941 8.3167 0 0 0 0.983106 -0.183036
1648022351.888462100 -0.597143 8.30887 0 0 0 0.979275 -0.202537
1648022352.016056200 -0.622785 8.30517 0 0 0 0.975608 -0.219519
1648022352.138935700 -0.656626 8.29642 0 0 0 0.971593 -0.236659
1648022352.289441800 -0.682075 8.28669 0 0 0 0.966694 -0.255937
1648022352.440322700 -0.710102 8.27722 0 0 0 0.961203 -0.275841
1648022352.565134800 -0.736289 8.26613 0 0 0 0.956234 -0.292602
1648022352.715445600 -0.765539 8.25773 0 0 0 0.950094 -0.311964
1648022352.840749700 -0.786386 8.24574 0 0 0 0.944424 -0.32873
1648022352.966072900 -0.813654 8.2333 0 0 0 0.93819 -0.34612
1648022353.091365200 -0.831851 8.22105 0 0 0 0.931796 -0.362983
1648022353.216705300 -0.851395 8.21107 0 0 0 0.925286 -0.379269
1648022353.342097800 -0.877432 8.1935 0 0 0 0.917909 -0.396792
1648022353.467367700 -0.898944 8.17592 0 0 0 0.910763 -0.412929
1648022353.617758600 -0.917091 8.15555 0 0 0 0.90237 -0.430962
1648022353.743056000 -0.940373 8.14288 0 0 0 0.894661 -0.446747
1648022353.893552700 -0.962807 8.11718 0 0 0 0.885625 -0.464401
1648022354.018780700 -0.972283 8.10032 0 0 0 0.877154 -0.48021
1648022354.144112500 -0.998728 8.08053 0 0 0 0.866776 -0.498698
1648022354.269610300 -1.01275 8.05881 0 0 0 0.856522 -0.516111
1648022354.369888700 -1.01727 8.0455 0 0 0 0.846531 -0.532339
1648022354.470181700 -1.04424 8.02619 0 0 0 0.835264 -0.549849
1648022354.570353000 -1.05574 8.00347 0 0 0 0.824276 -0.566188
1648022354.670633300 -1.06205 7.9908 0 0 0 0.813633 -0.581379
1648022354.775509700 -1.07612 7.98585 0 0 0 0.801801 -0.597591
1648022354.871214300 -1.09041 7.96911 0 0 0 0.789509 -0.613739
1648022354.971286200 -1.10382 7.93873 0 0 0 0.776667 -0.629912
1648022355.071355900 -1.10821 7.92257 0 0 0 0.76488 -0.644172
1648022355.171487900 -1.11288 7.91233 0 0 0 0.752293 -0.658829
1648022355.271612200 -1.12632 7.88521 0 0 0 0.739164 -0.673525
1648022355.372613800 -1.13448 7.86353 0 0 0 0.727366 -0.68625
1648022355.497692700 -1.13476 7.84351 0 0 0 0.713817 -0.700332
1648022355.623202000 -1.14177 7.81971 0 0 0 0.698729 -0.715386
1648022355.748492000 -1.15027 7.79311 0 0 0 0.684051 -0.729434
1648022355.879215600 -1.14801 7.76315 0 0 0 0.670668 -0.741758
1648022356.049139900 -1.15131 7.72826 0 0 0 0.656312 -0.754489
1648022356.224452100 -1.15211 7.6952 0 0 0 0.643368 -0.765557
1648022356.449918100 -1.14583 7.6548 0 0 0 0.628787 -0.777577
1648022356.675342000 -1.14151 7.60434 0 0 0 0.614796 -0.788686
1648022356.925770900 -1.13198 7.55383 0 0 0 0.599906 -0.800071
1648022357.151146500 -1.12466 7.50209 0 0 0 0.58822 -0.808701
1648022357.401667200 -1.11225 7.45366 0 0 0 0.576446 -0.817135
1648022357.677153000 -1.09658 7.40601 0 0 0 0.564461 -0.825459
1648022357.902639200 -1.08414 7.35735 0 0 0 0.555427 -0.831566
1648022358.178116900 -1.06395 7.31175 0 0 0 0.550261 -0.834993
1648022358.428674900 -1.04627 7.26032 0 0 0 0.54455 -0.838728
1648022358.704347500 -1.02635 7.21432 0 0 0 0.53754 -0.843238
1648022358.979869400 -1.00521 7.16474 0 0 0 0.530308 -0.847805
1648022359.230434600 -0.986904 7.11338 0 0 0 0.526051 -0.850453
1648022359.531171900 -0.957702 7.06854 0 0 0 0.528591 -0.848876
1648022359.806827300 -0.93198 7.02531 0 0 0 0.529499 -0.84831
1648022360.007318800 -0.913578 6.97677 0 0 0 0.528701 -0.848808
1648022360.283083300 -0.891335 6.92851 0 0 0 0.527232 -0.849722
1648022360.558808100 -0.869645 6.8819 0 0 0 0.527161 -0.849766
1648022360.784145000 -0.84188 6.83858 0 0 0 0.534933 -0.844895
1648022361.059797900 -0.819589 6.7918 0 0 0 0.542196 -0.840252
1648022361.336485000 -0.796861 6.7447 0 0 0 0.549066 -0.835779
1648022361.611136000 -0.772686 6.69226 0 0 0 0.554634 -0.832095
1648022361.937053200 -0.751689 6.64227 0 0 0 0.560077 -0.828441
1648022362.112418700 -0.730512 6.5937 0 0 0 0.564114 -0.825697
1648022362.413065700 -0.711165 6.54713 0 0 0 0.569997 -0.821647
1648022362.688847300 -0.692879 6.49914 0 0 0 0.579933 -0.814664
1648022362.914256600 -0.670982 6.44886 0 0 0 0.590863 -0.806772
1648022363.214903700 -0.648038 6.40132 0 0 0 0.605192 -0.796079
1648022363.440594800 -0.641359 6.35103 0 0 0 0.613728 -0.789517
1648022363.718565200 -0.624406 6.30104 0 0 0 0.625828 -0.779961
1648022363.966660900 -0.60866 6.25065 0 0 0 0.637082 -0.770796
1648022364.242314500 -0.592941 6.20198 0 0 0 0.648163 -0.761501
1648022364.518055800 -0.591778 6.14755 0 0 0 0.651593 -0.758569
1648022364.793804400 -0.583953 6.09735 0 0 0 0.655432 -0.755254
1648022364.994378600 -0.571212 6.04772 0 0 0 0.65951 -0.751696
1648022365.270067800 -0.566968 5.99254 0 0 0 0.664498 -0.74729
1648022365.545750400 -0.559662 5.94215 0 0 0 0.669982 -0.742377
1648022365.821506400 -0.550444 5.88768 0 0 0 0.675101 -0.737725
